 E:  101010001
 P:  10001010
 T:  001010001
 U:  110010001
 a:  1011011
 c:  10001101
 d:  1011111
 e:  101011
 f:  111100
 i:  1110111
 l:  00001101
 m:  0110111
 n:  1011110
 p:  1010111
 q:  010010001
 r:  100010001
 s:  100110
 t:  11110101
 u:  01110101
 v:  0011110
, :  000010001
. :  111111
Di:  111100001
Fe:  011100001
He:  101100001
La:  001100001
Lo:  110100001
Nu:  10110101
Pa:  010100001
Po:  100100001
Pr:  000100001
Sa:  111000001
Te:  00110101
a :  1101110
a.:  011000001
ab:  101000001
ac:  001000001
ad:  110000001
ae:  010000001
al:  10011011
am:  011100
ar:  11010101
at:  101100
au:  0101110
bi:  100000001
bu:  000000001
c :  111110011
ce:  1001110
ci:  0001110
co:  1011000
ct:  0011000
cu:  01010101
d :  1101000
di:  10010101
do:  0101000
du:  011110011
e :  111110
e.:  101110011
ec:  1111101
ed:  001110011
ee:  110110011
eg:  00010101
ei:  11100101
el:  1001000
em:  010110011
en:  0001000
eo:  100110011
eq:  000110011
er:  101010
es:  1110000
et:  001100
eu:  01100101
fa:  111010011
fe:  011010011
ge:  0110000
gi:  10100101
gn:  1010000
ha:  0010000
i :  101010011
ia:  00100101
ic:  11000101
id:  0010111
ie:  01000101
ig:  001010011
il:  1100000
im:  10000101
in:  0100000
ip:  1000000
iq:  110010011
is:  110100
it:  00000101
iu:  11111001
iv:  010010011
la:  01111001
le:  0111101
li:  010100
ll:  111010
lo:  1011101
lp:  10111001
lt:  100010011
lu:  00111001
m :  100100
m.:  0000000
ma:  11011001
me:  0011101
mo:  01011001
mp:  10011001
n :  00011001
na:  1110010
nc:  1100111
nd:  11101001
ng:  0110010
ni:  01101001
ns:  000010011
nt:  0100111
nu:  1010010
o :  111100011
o.:  011100011
od:  10101001
ol:  101100011
on:  011010
or:  1000111
pi:  001100011
pr:  110100011
pu:  010100011
qu:  1101101
r :  0000111
ra:  0010010
rb:  100100011
re:  000100
ri:  001011
rp:  00101001
rr:  000100011
rs:  111000011
rt:  011000011
s :  111011
sc:  11001001
se:  111000
si:  1100010
sl:  101000011
sp:  001000011
sq:  01001001
ss:  0100010
st:  10001001
su:  0101101
t :  10110
t,:  110000011
ta:  1000010
te:  1001101
ti:  1001111
to:  010000011
tp:  100000011
tr:  000000011
tt:  100011011
tu:  00001001
ua:  11110001
ue:  0000010
ug:  000011011
ul:  1001010
um:  0001111
un:  01110001
ur:  000110
us:  101111
ut:  0011111
ve:  10110001
vi:  00110001
vo:  00001010
vu:  11010001
 110100001 000100 100100 1000000 0101101 100100 0101000 1011101 0000111 1100010 10110 011100 001100 000010001 1011000 000010011 1111101 1001101 00001001 0000111 110000001 1000000 110100 0001110 0110010 101011 010100 110000011 100110 001110011 1011111 111100011 11100101 101111 01011001 1101000 1001101 10011001 1000111 1110111 1100111 0010111 0010111 01110001 10110 0011111 00001101 101000001 1000111 111110 001100 1011111 101100011 1000111 111110 11011001 1010000 1101110 10011011 110010011 11110001 111111 111100001 0011000 0001111 1011110 011010 10001101 011010 111000 0011000 001100 000110 1011011 101011 0010010 10110 1110010 100100 101100 111111 010100001 011000011 000110 01000101 0100111 0110111 011010 1001101 111011 1110010 11001001 001100 000110 100010001 0010111 11000101 1001010 101111 0110111 101111 0110111 0101110 001011 111011 00110001 1000010 111110 1001010 000000011 11000101 01000101 111011 0111101 011100011 001010001 000110 001100011 111011 01010101 111000011 101111 1110111 00011001 0010000 111110011 0010000 100000001 1000010 0100010 101110011 110010001 111010 011100 1011000 00101001 101010 101011 0110000 10110 1010010 111010 1101110 111010011 0001110 010100 1100010 101011 1001111 011100 1011111 001010011 01101001 0100010 10000101 1011111 00100101 0000000 10001010 0010000 111000 111010 101111 111100 0101110 0001110 000000001 111011 11001001 1001000 101010 110100 1101101 111110 1001000 11100101 011010011 11101001 1011111 011010 1111101 1010111 000100 1001111 0001111 0011110 1001010 010100011 1000010 1001101 111111 100100001 0101101 101010 111110 000110 1110010 1011110 1111101 11110101 0100000 0001110 011110011 0100111 1010111 0010010 1110000 0001000 10110 111000 10011001 101010 111111 10110101 1100111 101011 0110000 10110 1011101 000100 100100 0101000 1011101 0000111 111000 1101000 00110001 10110001 000100011 1101110 1000000 0101101 0000000 101010001 010100 10110 0011111 1011011 010100 1101101 011100 1010111 000110 101111 100110 00000101 1011011 0011101 10110 00111001 0011000 101111 111111 00110101 111010 101111 1110111 00011001 0011101 00001001 111011 11010001 10111001 0011111 101100 111110 01100101 111111 000100001 010000001 111000 0100111 101011 0111101 0011101 0100111 0001111 111100 001000001 1100000 110100 110100 00001101 100110011 0011110 1001000 111100 001011 0110010 1100000 01111001 101011 10001001 01110101 111010 011100 1011000 00101001 101010 101011 0110000 10110 1010010 111010 011000001 10001010 000100 1001111 0001111 010010001 11110001 100100 11010001 10111001 0011111 101100 111110 10010101 1010000 110100 1100010 100100 0101101 001000011 0001000 10010101 0100010 111110 0100000 111111 001100001 1000111 110110011 10110 0010111 1011111 011010 1111101 01110101 100010011 001011 1001110 111011 1001111 1100111 0010111 01110001 10110 11010101 01010101 1011110 011010 100110 10101001 10011011 1110000 1011110 000110011 0000010 100110 10101001 10011011 1110000 111111 101100001 11101001 000100 001011 10110 0101000 1011101 0000111 11011001 1010000 1101110 00010101 001100 101011 10001001 111111 00110101 111010 101111 1110111 0100111 00010101 101010 111100 01100101 10100101 101100 100110 1001110 0111101 001011 01001001 0000010 0011110 11010101 11111001 111011 01011001 100100011 101010011 0001000 10000101 111111 111000001 10100101 100011011 110100 1010111 000110 101111 100110 00000101 1011011 0011101 10110 00001010 00111001 100000011 101100 10001101 011010 111000 1101101 101100 0110111 0101110 001011 111011 1010010 1100111 111111 10110101 1100111 100110 1001110 0111101 001011 01001001 0000010 0011110 010010011 101010 0010010 0110111 0101110 001011 111011 0100000 1011011 010100 1101101 011100 100110 010110011 111100 001011 0110010 1100000 01111001 111111 011100001 000011011 00100101 10110 01101001 101000011 1010111 000100 1001111 0001111 111100 101111 1001110 1110111 1101000 10110001 010100 10110 0011111 11110101 1000111 010000011 0000111 110100011 001100 11111001 0000000