’:  1111111101
“:  1011101001
”:  1111101001

:  0100000
 :  111
%:  1000011111101
':  110011101001
,:  1100000
-:  110111111101
.:  0111101
0:  101011111101
1:  0000011111101
2:  001011111101
?:  1100111111101
A:  1001111101
B:  10001111101
C:  110011111101
D:  0100111111101
E:  010011111101
H:  10001101001
I:  1000000
L:  00001101001
M:  100011111101
N:  1000111111101
O:  0000111111101
P:  1010111111101
S:  101101001
T:  101111101
U:  0010111111101
W:  010011101001
Y:  00001111101
a:  0101
b:  001001
c:  111001
d:  01101
e:  100
f:  001010
g:  101011
h:  1110
i:  11011
j:  0111101001
k:  0101001
l:  11010
m:  011001
n:  0010
o:  0001
p:  101010
q:  11011111101
r:  1000
s:  0110
t:  0011
u:  10000
v:  0000000
w:  001011
x:  1001101001
y:  011101
z:  00011101001
 101111101 1110 100 111 11011111101 10000 100 0110 0011 111 001010 0001 1000 111 10001111101 100 0101 0010 0110 101101001 1110 100 111 0110 11011 101011 1110 100 01101 111 0101 0110 111 0110 1110 100 111 11010 0001 0001 0101001 100 01101 111 0001 10000 0011 111 0011 1110 100 111 001011 11011 0010 01101 0001 001011 111 0101 0011 111 0011 1110 100 111 0011 1110 11011 111001 0101001 111 0110 011001 0001 101011 0111101 111 1000000 0011 111 11011 0110 111 0110 0001 111 01101 100 101010 1000 100 0110 0110 11011 0010 101011 111 0001 10000 0011 0110 11011 01101 100 1100000 111 0110 1110 100 111 0011 1110 0001 10000 101011 1110 0011 1100000 111 0101 0110 111 0110 1110 100 111 1000 100 011001 11011 0010 11011 0110 111001 100 01101 111 0101 001001 0001 10000 0011 111 0101 111 0011 11011 011001 100 111 001011 1110 100 0010 111 0110 1110 100 111 001011 0001 10000 11010 01101 111 101011 0101 00011101001 100 111 0001 10000 0011 111 0011 1110 100 111 001011 11011 0010 01101 0001 001011 111 0101 0010 01101 111 0110 100 100 111 0011 1110 100 111 001001 100 0101 10000 0011 11011 001010 10000 11010 111 111001 11011 0011 011101 111 0001 001010 111 10001111101 100 11011 0111101001 11011 0010 101011 0111101 111 1000111111101 0001 001011 1100000 111 0110 1110 100 111 111001 0101 0010 111 001001 0101 1000 100 11010 011101 111 0110 100 100 111 0011 1110 100 111 001001 10000 11011 11010 01101 11011 0010 101011 0110 111 0101 1000 0001 10000 0010 01101 111 1110 100 1000 111 001010 1000 0001 011001 111 0011 1110 100 111 1110 11011 101011 1110 110111111101 1000 11011 0110 100 111 0101 101010 0101 1000 0011 011001 100 0010 0011 0111101 111 101101001 10000 01101 01101 100 0010 11010 011101 1100000 111 0110 1110 100 111 0011 10000 1000 0010 100 01101 111 0011 0001 111 1110 100 1000 111 1000 100 001010 1000 11011 101011 100 1000 0101 0011 0001 1000 111 0101 0010 01101 111 0001 101010 100 0010 100 01101 111 11011 0011 111 10000 101010 111 0001 0010 11010 011101 111 0011 0001 111 001010 11011 0010 01101 111 0011 1110 0101 0011 111 11011 0011 111 001011 0101 0110 111 100 011001 101010 0011 011101 0111101 111 101101001 1110 100 111 1000 100 0101 11010 11010 011101 111 001011 0101 0010 0011 100 01101 111 0101 111 111001 0101 0010 111 0001 001010 111 001001 0101 0101001 100 01101 111 001001 100 0101 0010 0110 1100000 111 0110 0001 111 11011 0011 111 0110 100 100 011001 100 01101 111 0101 111 101011 1000 0001 111001 100 1000 011101 111 1000 10000 0010 111 001011 0101 0110 111 11011 0010 111 0001 1000 01101 100 1000 1100000 111 0110 0001 111 0110 1110 100 111 101011 1000 0101 001001 001001 100 01101 111 1110 100 1000 111 101010 10000 1000 0110 100 1100000 111 01101 0001 0010 0010 100 01101 111 1110 100 1000 111 001011 0101 11010 0101001 11011 0010 101011 111 0110 1110 0001 100 0110 1100000 111 0101 0010 01101 111 0110 11010 11011 101010 101010 100 01101 111 0001 10000 0011 111 0011 1110 100 111 01101 0001 0001 1000 0111101 0000111111101 0010 111 1110 100 1000 111 001011 0101 011101 111 0011 0001 111 0011 1110 100 111 101011 1000 0001 111001 100 1000 011101 111 0110 0011 0001 1000 100 111 0110 1110 100 111 111001 0001 10000 11010 01101 111 0010 0001 0011 111 1110 100 11010 101010 111 001001 10000 0011 111 0010 0001 0011 11011 111001 100 111 1110 0001 001011 111 01101 11011 001010 001010 11011 111001 10000 11010 0011 111 1000000 0011 111 001011 0101 0110 111 0011 0001 111 001001 1000 100 0101 0011 1110 111 0001 10000 0011 0110 11011 01101 100 1100000 111 0001 1000 111 1110 0001 001011 111 01101 1000 0101 001001 111 0011 1110 100 111 111001 11011 0011 011101 111 11010 0001 0001 0101001 100 01101 111 001011 1110 100 0010 111 0000000 11011 100 001011 11011 0010 101011 111 11011 0011 111 0011 1110 1000 0001 10000 101011 1110 111 0011 1110 100 111 0000000 100 11011 11010 111 0001 001010 111 0011 1110 100 111 101011 1000 0101 011101 111 0110 011001 0001 101011 0111101 111 101111101 1110 100 0110 100 111 0011 1110 0001 10000 101011 1110 0011 0110 111 0101 0010 01101 111 0001 001001 0110 100 1000 0000000 0101 0011 11011 0001 0010 0110 111 011001 0101 01101 100 111 1110 100 1000 111 1000 100 011001 100 011001 001001 100 1000 111 001001 100 0011 0011 100 1000 111 0011 11011 011001 100 0110 111 001011 1110 100 0010 111 0110 1110 100 111 001011 0101 0110 111 011101 0001 10000 0010 101011 1100000 111 0101 0010 01101 111 1110 100 1000 111 011001 0001 0011 1110 100 1000 111 001011 0001 10000 11010 01101 111 0011 0101 0101001 100 111 1110 100 1000 111 0011 0001 111 101010 0101 1000 0101001 0110 111 0011 0001 111 101010 11010 0101 011101 0111101 111 1001111101 111 0011 11011 011001 100 111 001011 1110 100 0010 111 0011 1110 100 111 0110 10000 0010 111 001011 0001 10000 11010 01101 111 0110 1110 11011 0010 100 111 0001 0010 111 0011 1110 100 111 111001 11011 0011 011101 111 0110 11011 01101 100 001011 0101 11010 0101001 0110 1100000 111 0101 0010 01101 111 0011 1110 100 111 0101 11011 1000 111 001011 0101 0110 111 100 0101 0110 011101 111 0011 0001 111 001001 1000 100 0101 0011 1110 100 0111101 111 10001101001 100 1000 111 0101 0011 0011 100 0010 0011 11011 0001 0010 111 001011 0101 0110 111 0110 10000 01101 01101 100 0010 11010 011101 111 0110 0011 0001 11010 100 0010 111 0101 001011 0101 011101 1100000 111 0011 0001 001011 0101 1000 01101 0110 111 0101 111 101011 1000 0001 10000 101010 111 0001 001010 111 101010 1000 0001 0011 100 0110 0011 100 1000 0110 111 001011 0101 0000000 11011 0010 101011 111 0101 1000 0001 10000 0010 01101 111 0110 11011 101011 0010 0110 111 0001 0010 111 0011 1110 100 111 001011 0101 11010 0101001 001011 0101 011101 0111101 101111101 1110 100 011101 111 001011 100 1000 100 111 0110 10000 1000 1000 0001 10000 0010 01101 100 01101 111 001001 011101 111 101010 0101 0110 0110 100 1000 0110 001001 011101 1111111101 0110 111 0011 1110 0101 0011 111 1110 0101 01101 111 0110 0011 0001 101010 101010 100 01101 111 0011 0001 111 11010 11011 0110 0011 100 0010 111 0011 0001 111 001011 1110 0101 0011 111 0011 1110 100 011101 111 1110 0101 01101 111 0011 0001 111 0110 0101 011101 0111101 111 101101001 1110 100 111 001011 0101 11010 0101001 100 01101 111 0011 0001 001011 0101 1000 01101 0110 111 0011 1110 100 011001 1100000 111 0110 111001 1000 10000 0011 11011 0010 11011 00011101001 11011 0010 101011 111 0011 1110 100 11011 1000 111 0110 11011 101011 0010 0110 111 0101 0110 111 0110 1110 100 111 11010 11011 0110 0011 100 0010 100 01101 111 0011 0001 111 01101 11011 0110 111001 10000 0110 0110 11011 0010 101011 111 0011 1110 100 111 111001 10000 1000 1000 100 0010 0011 111 0101 11011 1000 111 11011111101 10000 0101 11010 11011 0011 011101 111 0101 0010 01101 111 100 0010 0000000 11011 1000 0001 0010 011001 100 0010 0011 0101 11010 111 0110 0011 0101 0011 100 111 001011 11011 0011 1110 111 0011 1110 100 111 111001 1000 0001 001011 01101 0111101 111 1000000 0011 111 001011 0101 0110 111 1110 0101 1000 01101 111 0011 0001 111 101011 100 0011 111 0101 111 1000 100 0101 01101 111 0001 0010 111 100 1001101001 0101 111001 0011 11010 011101 111 001011 1110 0101 0011 111 001011 0101 0110 111 0001 0010 111 0011 1110 100 111 0110 11011 101011 0010 0110 111 0011 1110 1000 0001 10000 101011 1110 111 0011 1110 100 111 11010 0101 1000 101011 100 111 111001 1000 0001 001011 01101 111 0001 001010 111 101010 100 0001 101010 11010 100 1100000 111 001001 10000 0011 111 0110 1110 100 111 001011 0101 0110 111 0101 001001 11010 100 111 0011 0001 111 011001 0101 0101001 100 111 0001 10000 0011 111 0001 0010 100 111 0011 1110 0101 0011 111 1110 0101 01101 111 1011101001 001001 10000 011101 111 11010 0001 001011 111 111001 0101 1000 001001 0001 0010 111 101010 1000 0001 01101 10000 111001 0011 0110 1111101001 111 001011 1000 11011 0011 0011 100 0010 111 0001 0010 111 11011 0011 0111101 111 0100111111101 0001 111 0011 1110 100 011101 111 1000 100 0101 11010 11010 011101 111 0011 1110 11011 0010 0101001 111 0011 1110 0101 0011 111 001001 10000 011101 11011 0010 101011 111 11010 0001 001011 111 111001 0101 1000 001001 0001 0010 111 101010 1000 0001 01101 10000 111001 0011 0110 111 001011 11011 11010 11010 111 1110 100 11010 101010 111 0011 1110 100 111 0110 11011 0011 10000 0101 0011 11011 0001 0010 111 0110 1110 100 111 0011 1110 0001 10000 101011 1110 0011 111 0011 0001 111 1110 100 1000 0110 100 11010 001010 111 0101 0110 111 0110 1110 100 111 001011 0101 11010 0101001 100 01101 111 101010 0101 0110 0011 1100111111101 101101001 1110 100 111 001010 0001 10000 0010 01101 111 1110 100 1000 0110 100 11010 001010 111 001011 0101 0010 01101 100 1000 11011 0010 101011 111 111001 11010 0001 0110 100 1000 111 0011 0001 111 0011 1110 100 111 101011 1000 0001 10000 101010 1100000 111 11011 0010 0011 100 1000 100 0110 0011 100 01101 111 11011 0010 111 001011 1110 0101 0011 111 001011 0101 0110 111 001001 100 11011 0010 101011 111 0110 0101 11011 01101 0111101 1011101001 00001101001 0001 0001 0101001 111 0101 1000 0001 10000 0010 01101 111 011101 0001 10000 1100000 111 0011 1110 100 111 0101 11011 1000 111 11011 0110 111 011001 0101 0101001 11011 0010 101011 111 10000 0110 111 011001 11011 0110 100 1000 0101 001001 11010 100 1100000 111 0101 0010 01101 111 011001 0101 0010 011101 111 0101 1000 100 111 101011 100 0011 0011 11011 0010 101011 111 0110 11011 111001 0101001 111 001010 1000 0001 011001 111 11011 0011 0110 111 0011 0001 1001101001 11011 111001 11011 0011 011101 1111101001 101101001 1110 100 111 0011 0001 0001 0101001 111 0011 1110 11011 0110 111 0101 01101 0000000 11011 111001 100 111 0101 0010 01101 111 101011 11010 0101 0010 111001 100 01101 111 0101 0011 111 0011 1110 100 111 111001 1000 0001 001011 01101 111 0101 1000 0001 10000 0010 01101 111 1110 100 1000 1100000 111 0011 1110 100 1000 100 111 001011 0101 0110 0010 1111111101 0011 111 0101 111 0110 11011 0010 101011 11010 100 111 0110 011001 11011 11010 11011 0010 101011 111 001010 0101 111001 100 111 0101 1000 0001 10000 0010 01101 111 0101 0010 01101 111 011001 0101 0010 011101 111 1110 0101 01101 111 011001 0101 0110 0101001 0110 111 0001 0010 111 0011 0001 111 0110 0011 0101 0000000 100 111 0001 001010 001010 111 0011 1110 100 111 0110 011001 0001 101011 111 0011 1110 0101 0011 111 111001 1110 0001 0101001 100 01101 111 0011 1110 100 111 0101 11011 1000 0111101 111 1001111101 111 0011 100 0101 1000 111 1000 0101 0010 111 01101 0001 001011 0010 111 1110 100 1000 111 001010 0101 111001 100 111 0101 0110 111 0110 1110 100 111 11010 0001 0001 0101001 100 01101 111 0101 0011 111 0011 1110 100 111 0110 11011 111001 0101001 11010 011101 111 111001 1000 0001 001011 01101 0111101 111 010011111101 0000000 100 1000 011101 0001 0010 100 111 11011 0110 111 0110 10000 001010 001010 100 1000 11011 0010 101011 1100000 111 0110 1110 100 111 0011 1110 0001 10000 101011 1110 0011 111 0101 0110 111 0110 1110 100 111 0110 0011 100 101010 101010 100 01101 111 0101 001011 0101 011101 111 001010 1000 0001 011001 111 0011 1110 100 111 111001 1000 0001 001011 01101 111 0101 0010 01101 111 111001 0001 0010 0011 11011 0010 10000 100 01101 111 01101 0001 001011 0010 111 0011 1110 100 111 001011 0101 11010 0101001 001011 0101 011101 0111101 1001111101 0110 111 0110 1110 100 111 101011 0001 0011 111 111001 11010 0001 0110 100 1000 111 0011 0001 111 0011 1110 100 111 101011 1000 0001 111001 100 1000 011101 111 0110 0011 0001 1000 100 111 0101 0010 111 0001 11010 01101 100 1000 111 001011 0001 011001 0101 0010 111 111001 0101 011001 100 111 10000 101010 111 0011 0001 111 1110 100 1000 111 0101 0010 01101 111 001001 100 101011 0101 0010 111 0011 0001 111 0110 101010 100 0101 0101001 0111101 1011101001 10001101001 100 011101 1100000 111 1000000 111 0110 0101 001011 111 011101 0001 10000 111 11010 11011 0110 0011 100 0010 11011 0010 101011 111 0011 0001 111 0011 1110 100 111 101010 1000 0001 0011 100 0110 0011 100 1000 0110 111 100 0101 1000 11010 011101 0111101 111 101111101 1110 0101 0011 111 001011 0101 0110 111 0110 0001 011001 100 111 101010 1000 100 0011 0011 011101 111 100 011101 100 110111111101 0001 101010 100 0010 11011 0010 101011 111 0110 0011 10000 001010 001010 111 0011 1110 100 011101 111 0110 0101 11011 01101 1111101001 110011111101 0101 10000 101011 1110 0011 111 0001 001010 001010 111 101011 10000 0101 1000 01101 1100000 111 0110 1110 100 111 0110 0011 0101 011001 011001 100 1000 100 01101 111 0011 0001 111 101011 100 0011 111 0101 111 1000 100 101010 11010 011101 111 0001 10000 0011 1100000 111 1011101001 00001111101 100 111 110111111101 111 00001111101 100 0101 1100000 111 11010 11011 0110 0011 100 0010 11011 0010 101011 111 0011 0001 111 0011 1110 100 011001 111 0101 0010 01101 111 0110 100 100 11011 0010 101011 111 0101 11010 11010 111 0011 1110 100 111 101010 100 0001 101010 11010 100 111 0101 1000 0001 10000 0010 01101 111 0011 1110 100 011001 111 1000 100 0101 11010 11010 011101 111 011001 0101 01101 100 111 011001 100 111 0011 1110 11011 0010 0101001 1111101001 1011101001 00001111101 100 0101 1100000 111 011001 100 111 0011 0001 0001 1100000 1111101001 111 0110 0101 11011 01101 111 0011 1110 100 111 0110 0011 1000 0101 0010 101011 100 1000 0111101 1011101001 101111101 1110 100 111 0011 1110 11011 0010 101011 111 11011 0110 1100000 111 1000000 111 01101 0001 0010 1111111101 0011 111 1110 0101 0000000 100 111 0101 111 111001 11010 10000 100 111 0001 0010 111 001011 1110 0101 0011 111 1000000 111 111001 0001 10000 11010 01101 111 01101 0001 111 0011 0001 111 1110 100 11010 101010 111 0011 1110 100 111 0110 11011 0011 10000 0101 0011 11011 0001 0010 1111101001 111 0011 1110 11011 0110 111 1000 100 011001 0101 1000 0101001 111 011001 0101 01101 100 111 1110 100 1000 111 0110 0101 01101 111 0101 0110 111 0110 1110 100 111 0011 1110 0001 10000 101011 1110 0011 111 0101 001001 0001 10000 0011 111 1110 100 1000 111 1110 100 11010 101010 11010 100 0110 0110 0010 100 0110 0110 1100000 111 001011 1110 0101 0011 111 111001 0001 10000 11010 01101 111 0001 0010 100 111 101010 100 1000 0110 0001 0010 111 100 0000000 100 0010 111 01101 0001 111 001010 0001 1000 111 0011 1110 11011 0110 111 0110 11011 0011 10000 0101 0011 11011 0001 0010 0111101 111 10001101001 100 1000 111 0011 1110 0001 10000 101011 1110 0011 0110 111 001011 100 1000 100 111 0001 0010 111001 100 111 0101 101011 0101 11011 0010 111 11011 0010 0011 100 1000 1000 10000 101010 0011 100 01101 111 001001 011101 111 0011 1110 100 111 0110 0011 1000 0101 0010 101011 100 1000 1011101001 00001111101 0001 10000 111 0101001 0010 0001 001011 1100000 111 0011 1110 100 111 001001 100 0110 0011 111 101010 11010 0101 111001 100 111 0011 0001 111 0110 0011 0101 1000 0011 111 001011 0001 10000 11010 01101 111 101010 1000 0001 001001 0101 001001 11010 011101 111 001001 100 111 0110 1110 0001 101010 101010 11011 0010 101011 111 1110 0101 001001 11011 0011 0110 0111101 111 0010 100 1001101001 0011 111 0011 11011 011001 100 111 011101 0001 10000 111 101011 0001 111 0110 1110 0001 101010 101010 11011 0010 101011 111 0101001 100 100 101010 111 0011 0001 01101 0101 011101 111 11011 0010 111 011001 11011 0010 01101 111 0101 0010 01101 111 1000000 110011101001 011001 111 0110 10000 1000 100 111 011101 0001 10000 1111111101 11010 11010 111 001001 100 111 0110 10000 1000 101010 1000 11011 0110 100 01101 111 001001 011101 111 001011 1110 0101 0011 111 011101 0001 10000 111 111001 0101 0010 111 001010 11011 0010 01101 1111101001 101101001 1110 100 111 0110 0101 11011 01101 111 1110 100 1000 111 101011 0001 0001 01101 001001 011101 100 0110 111 0011 0001 111 0011 1110 100 111 0110 0011 1000 0101 0010 101011 100 1000 111 0101 0010 01101 111 111001 0001 0010 0011 11011 0010 10000 100 01101 111 0011 0001 001011 0101 1000 01101 0110 111 0011 1110 100 111 0110 0011 0001 1000 100 0111101 111 101111101 1110 100 111 111001 0001 0010 0000000 100 1000 0110 0101 0011 11011 0001 0010 111 11010 100 001010 0011 111 1110 100 1000 111 1110 0001 101010 100 001010 10000 11010 111 0101 0010 01101 111 001011 11011 0011 1110 111 0101 111 11010 11011 0011 0011 11010 100 111 011001 0001 1000 100 111 0110 101010 1000 11011 0010 101011 111 11011 0010 111 1110 100 1000 111 0110 0011 100 101010 1100000 111 1110 0001 101010 100 001010 10000 11010 111 0101 0011 111 0011 1110 100 111 11011 01101 100 0101 111 0001 001010 111 01101 11011 0110 111001 0001 0000000 100 1000 11011 0010 101011 111 0101 111 001011 0101 011101 111 001010 0001 1000 111 1110 100 1000 111 0011 0001 111 1110 100 11010 101010 0111101 111 101101001 1110 100 111 0101 101010 101010 1000 0001 0101 111001 1110 100 01101 111 0011 1110 100 111 11010 0101 1000 101011 100 111 001001 0001 1001101001 011101 111 101011 1000 0001 111001 100 1000 011101 111 0110 0011 0001 1000 100 111 0101 0010 01101 111 101011 1000 0101 001001 001001 100 01101 111 0101 111 0110 1110 0001 101010 101010 11011 0010 101011 111 111001 0101 1000 0011 111 0011 0001 111 11010 0001 0101 01101 111 1110 100 1000 111 11011 0011 100 011001 0110 111 11011 0010 0111101 111 101101001 1110 100 111 001011 0101 11010 0101001 100 01101 111 0101 1000 0001 10000 0010 01101 111 0011 1110 100 111 0110 0011 0001 1000 100 111 11010 0001 0001 0101001 11011 0010 101011 111 001010 0001 1000 111 0101 0010 011101 111 11011 0010 111001 11010 11011 0010 0101 0011 11011 0001 0010 111 0011 1110 0101 0011 111 0011 1110 100 111 0110 0011 1000 0101 0010 101011 100 1000 111 001011 0101 0110 111 1000 11011 101011 1110 0011 111 001011 11011 0011 1110 111 1110 100 1000 111 0101 01101 0000000 11011 111001 100 0111101 111 010011111101 0000000 100 0010 0011 10000 0101 11010 11010 011101 111 0110 1110 100 111 0101 1000 1000 11011 0000000 100 01101 111 0101 0011 111 0011 1110 100 111 11011 0110 11010 100 111 0011 1110 0101 0011 111 1110 0101 01101 111 1110 100 1000 111 001010 0101 0000000 0001 1000 11011 0011 100 111 001001 1000 0101 0010 01101 111 0001 001010 111 001001 100 0101 0010 0110 0111101 111 0101 001001 0001 10000 0011 111 0011 0001 111 101011 1000 0101 001001 111 0011 1110 100 111 111001 0101 0010 111 0001 001010 001010 111 0011 1110 100 111 0110 1110 100 11010 001010 1100000 111 1110 100 1000 111 100 011101 100 0110 111 111001 0101 10000 101011 1110 0011 111 0101 0010 0001 0011 1110 100 1000 111 111001 0101 0010 111 0011 1110 0101 0011 111 1110 0101 01101 111 0101 111 0110 0011 1000 0101 0010 101011 100 111 11010 0101 001001 100 11010 111 0001 0010 111 11011 0011 0111101 101101001 1110 100 111 0011 10000 1000 0010 100 01101 111 1110 100 1000 111 0101 0011 0011 100 0010 0011 11011 0001 0010 111 0011 0001 111 0011 1110 11011 0110 111 0110 0011 1000 0101 0010 101011 100 111 11010 0101 001001 100 11010 111 0101 0010 01101 111 0010 0001 0011 11011 111001 100 01101 111 0011 1110 0101 0011 111 11011 0011 111 001011 0101 0110 111 0101 0010 111 100 011001 11011 0110 0110 11011 0001 0010 110011101001 0110 111 11010 0101 001001 100 11010 0111101 111 1000000 0011 111 101011 0101 0000000 100 111 11011 0010 001010 0001 1000 011001 0101 0011 11011 0001 0010 111 0001 0010 111 1110 0001 001011 111 011001 10000 111001 1110 111 100 0010 100 1000 101011 011101 111 001011 0101 0110 111 10000 0110 100 01101 111 0011 0001 111 011001 0101 0101001 100 111 0011 1110 100 111 111001 0101 0010 111 0001 001010 111 001001 100 0101 0010 0110 111 0101 0010 01101 111 1110 0001 001011 111 100 0010 0000000 11011 1000 0001 0010 011001 100 0010 0011 0101 11010 11010 011101 111 001010 1000 11011 100 0010 01101 11010 011101 11011 0011 111 11011 0110 0111101 111 101111101 1110 11011 0110 111 001011 0101 0110 111 001011 1110 100 0010 111 0110 1110 100 111 1000 100 0101 11010 11011 00011101001 100 01101 111 001011 1110 0101 0011 111 0011 1110 100 111 0110 0011 1000 0101 0010 101011 100 1000 111 001011 0101 0110 111 0011 0101 11010 0101001 11011 0010 101011 111 0101 001001 0001 10000 0011 0111101 111 0010111111101 0110 11011 0010 101011 111 11011 0010 001010 0001 1000 011001 0101 0011 11011 0001 0010 111 11010 11011 0101001 100 111 0011 1110 11011 0110 111 0110 1110 100 111 111001 0001 10000 11010 01101 111 011001 0101 0101001 100 111 0101 111 0110 011001 0101 11010 11010 111 01101 11011 001010 001010 100 1000 100 0010 111001 100 0111101 111 100011111101 0101 011101 001001 100 111 100 0000000 100 0010 111 111001 0001 0010 0000000 11011 0010 111001 100 111 0001 0011 1110 100 1000 0110 111 0011 0001 111 0011 1000 011101 111 0101 0010 01101 111 111001 1110 0101 0010 101011 100 111 0011 1110 100 11011 1000 111 101010 10000 1000 111001 1110 0101 0110 11011 0010 101011 111 1110 0101 001001 11011 0011 0110 111 0101 0110 111 001011 100 11010 11010 0111101 111 1001111101 0110 111 0110 1110 100 111 001011 0101 11010 0101001 100 01101 111 0101 1000 0001 10000 0010 01101 111 0011 1110 100 111 0110 0011 0001 1000 100 1100000 111 0110 1110 100 111 001010 0001 10000 0010 01101 111 0011 1110 0101 0011 111 011001 0101 0010 011101 111 0001 001010 111 1110 100 1000 111 11011 0011 100 011001 0110 111 1110 0101 01101 111 0110 10000 0110 0011 0101 11011 0010 0101 001001 11010 100 111 0000000 100 1000 0110 11011 0001 0010 0110 0111101 111 1001111101 001010 0011 100 1000 111 101011 1000 0101 001001 001001 11011 0010 101011 111 0011 1110 100 111 11010 0101 0110 0011 111 11011 0011 100 011001 1100000 111 0110 1110 100 111 0011 0001 0011 100 01101 111 1110 100 1000 111 111001 0101 1000 0011 111 10000 101010 111 0011 0001 111 0011 1110 100 111 111001 0101 0110 1110 11011 100 1000 111 0101 0010 01101 111 001001 100 101011 0101 0010 111 0110 100 0011 0011 11011 0010 101011 111 1110 100 1000 111 11011 0011 100 011001 0110 111 0001 0010 111 0011 1110 100 111 0011 0101 001001 11010 100 0111101 111 110011111101 10000 1000 11011 0001 10000 0110 111 0011 0001 111 0110 100 100 111 001011 1110 0101 0011 111 0011 1110 100 111 101010 1000 11011 111001 100 111 0001 001010 111 1110 100 1000 111 0110 10000 0110 0011 0101 11011 0010 0101 001001 11010 100 111 101010 10000 1000 111001 1110 0101 0110 100 0110 111 0110 1110 100 111 101010 100 100 1000 100 01101 111 0101 0011 111 0011 1110 100 111 01101 11011 0110 101010 11010 0101 011101 111 0101 0010 01101 111 001011 0101 0011 111001 1110 100 01101 111 11011 0011 111 0011 11011 111001 0101001 111 10000 101010 111 0101 0110 111 0011 1110 100 111 111001 0101 0110 1110 11011 100 1000 111 0110 111001 0101 0010 0010 100 01101 111 1110 100 1000 111 11011 0011 100 011001 0110 0111101 111 101111101 1110 100 111 001010 11011 0010 0101 11010 111 0011 0001 0011 0101 11010 111 001011 0101 0110 111 0110 10000 1000 101010 1000 11011 0110 11011 0010 101011 111 0001 0010 11010 011101 111 0101 111 0110 011001 0101 11010 11010 111 0101 011001 0001 10000 0010 0011 111 011001 0001 1000 100 111 0011 1110 0101 0010 111 1110 100 1000 111 10000 0110 10000 0101 11010 111 001001 11011 11010 11010 0111101 1001111101 0110 111 1110 100 1000 111 001010 100 100 0011 111 0110 11010 0101 101010 101010 100 01101 111 0011 1110 100 111 101010 0101 0000000 100 011001 100 0010 0011 111 0001 0010 111 1110 100 1000 111 001011 0101 11010 0101001 111 1110 0001 011001 100 1100000 111 0110 1110 100 111 111001 0001 10000 11010 01101 0010 1111111101 0011 111 1110 100 11010 101010 111 001001 10000 0011 111 0110 011001 11011 11010 100 0111101 111 101101001 1110 100 111 0110 0011 0101 1000 0011 100 01101 111 1110 100 1000 111 11010 11011 0011 0011 11010 100 111 101011 1000 0001 111001 100 1000 011101 111 1000 10000 0010 111 001010 100 100 11010 11011 0010 101011 111 01101 0001 001011 0010 111 0101 0010 01101 111 1110 100 11010 101010 11010 100 0110 0110 111 001001 10000 0011 111 0010 0001 001011 111 0110 1110 100 111 1110 0101 0110 111 0101 111 0110 011001 0101 11010 11010 111 001011 0101 011101 111 0011 1110 0101 0011 111 0110 1110 100 111 111001 0101 0010 111 1110 100 11010 101010 0111101 111 101101001 1110 100 111 001001 100 101011 0101 0010 111 001011 0001 0010 01101 100 1000 11011 0010 101011 111 0101 0011 111 001011 1110 0101 0011 111 0001 0011 1110 100 1000 111 001011 0101 011101 0110 111 0110 1110 100 111 011001 11011 101011 1110 0011 111 001001 100 111 0101 001001 11010 100 111 0011 0001 111 11010 11011 0000000 100 111 0110 10000 0110 0011 0101 11011 0010 0101 001001 11010 011101 111 0101 0010 01101 111 011001 0101 011101 001001 100 111 1110 0001 001011 111 0110 1110 100 111 111001 0001 10000 11010 01101 111 111001 0001 0010 0000000 11011 0010 111001 100 111 0110 0001 011001 100 111 001010 1000 11011 100 0010 01101 0110 111 0101 0010 01101 111 001010 0101 011001 11011 11010 011101 111 0011 0001 111 101011 0001 111 01101 0001 001011 0010 111 0011 1110 100 111 0110 0101 011001 100 111 1000 0001 10000 0011 100 0111101 111 1001111101 001010 0011 100 1000 111 0101 111 0110 0101 0011 11011 0110 001010 011101 11011 0010 101011 111 0011 10000 1000 0010 111 0001 001010 111 100 0000000 100 0010 0011 0110 1100000 111 0110 1110 100 111 111001 0001 10000 11010 01101 111 0110 0101 011101 111 0011 1110 0101 0011 111 0011 1110 100 111 01101 0101 011101 111 0011 10000 1000 0010 100 01101 111 0001 10000 0011 111 0101 11010 11010 111 1000 11011 101011 1110 0011 0111101 1001111101 10000 0011 1110 0001 1000 0110 111 101101001 0011 0101 0011 100 011001 100 0010 0011 1000000 0010 111 0011 1110 100 111 001001 100 101011 101011 11011 0010 101011 111 0001 001010 111 001011 1000 11011 0011 11011 0010 101011 111 0011 1110 11011 0110 111 0110 1110 0001 1000 0011 111 0110 0011 0001 1000 011101 111 1000000 111 001011 0101 0010 0011 100 01101 111 0011 0001 111 001011 1000 11011 0011 100 111 0110 0001 011001 100 0011 1110 11011 0010 101011 111 0011 1110 0101 0011 111 011001 0101 01101 100 111 0011 1110 100 111 1000 100 0101 01101 100 1000 111 0011 1110 11011 0010 0101001 111 0101 001001 0001 10000 0011 111 0110 10000 0110 0011 0101 11011 0010 0101 001001 11010 100 111 11010 11011 0000000 11011 0010 101011 111 0101 0010 01101 111 11011 0011 1111111101 0110 111 11011 011001 101010 0101 111001 0011 0110 0111101 111 1000000 111 0101 11010 0110 0001 111 001011 0101 0010 0011 100 01101 111 0011 0001 111 101010 1000 100 0110 100 0010 0011 111 0011 1110 100 111 11011 01101 100 0101 0110 111 0001 001010 111 011001 011101 111 101010 1000 0001 0111101001 100 111001 0011 111 11011 0010 111 0101 111 001011 0101 011101 111 0011 1110 0101 0011 111 001011 0001 10000 11010 01101 111 001001 100 111 11011 0010 0011 100 1000 100 0110 0011 11011 0010 101011 111 0011 0001 111 1000 100 0101 01101 0111101 111 101111101 0001 111 01101 0001 111 0011 1110 11011 0110 1100000 111 1000000 111 10000 0110 100 01101 111 0011 1110 100 111 1000 100 0110 100 0101 1000 111001 1110 111 111001 0001 0010 01101 10000 111001 0011 100 01101 111 001010 0001 1000 111 011001 011101 111 1010111111101 1000 0001 0111101001 100 111001 0011 111 001011111101 111 0101 0010 01101 111 0011 1110 100 0010 111 001010 0001 10000 0010 01101 111 001011 0101 011101 0110 111 0011 0001 111 101010 1000 100 0110 100 0010 0011 111 0011 1110 100 111 11011 01101 100 0101 0110 111 0001 001010 111 0011 1110 100 111 1000 100 0110 100 0101 1000 111001 1110 111 11011 0010 111 011001 011101 111 0110 0011 0001 1000 011101 0111101 111 101111101 1110 100 111 011001 0001 0110 0011 111 101010 1000 0001 011001 11011 0010 100 0010 0011 111 100 1001101001 0101 011001 101010 11010 100 111 0001 001010 111 0011 1110 11011 0110 111 11011 0110 111 0011 1110 100 111 00001101001 0101 001001 100 11010 0110 111 0011 1110 0101 0011 111 0011 1110 100 111 011001 0101 11011 0010 111 111001 1110 0101 1000 0101 111001 0011 100 1000 111 0110 101010 0001 0011 0110 111 0001 0010 111 0011 1110 100 111 111001 0101 0010 111 0001 001010 111 001001 100 0101 0010 0110 0111101 111 101111101 1110 1000 0001 10000 101011 1110 0001 10000 0011 111 0011 1110 11011 0110 111 101010 1000 0001 111001 100 0110 0110 111 1000000 111 11010 100 0101 1000 0010 100 01101 111 11011111101 10000 11011 0011 100 111 0101 111 001001 11011 0011 111 0101 001001 0001 10000 0011 111 001011 1000 11011 0011 11011 0010 101011 111 0110 1110 0001 1000 0011 111 0110 0011 0001 1000 11011 100 0110 0111101 111 1000000 111 101111101 1110 11011 0010 0101001 111 0011 1110 0101 0011 111 0011 1110 100 111 001001 11011 101011 101011 100 0110 0011 111 0011 1110 11011 0010 101011 111 11011 0110 111 111001 0001 011001 011001 10000 0010 11011 111001 0101 0011 11011 0010 101011 111 11011 01101 100 0101 0110 111 0011 1110 1000 0001 10000 101011 1110 0001 10000 0011 111 0011 1110 100 111 0110 1110 0001 1000 0011 111 0110 0011 0001 1000 011101 0111101 111 010011101001 1110 100 0010 111 1000000 111 001010 11011 1000 0110 0011 111 001001 100 101011 0101 0010 111 001011 1000 11011 0011 11011 0010 101011 111 1000000 111 1110 0101 01101 111 0010 0001 111 11011 01101 100 0101 111 1110 0001 001011 111 1000000 111 001011 0101 0110 111 101011 0001 11011 0010 101011 111 0011 0001 111 101011 100 0011 111 011001 011101 111 011001 100 0110 0110 0101 101011 100 111 0001 10000 0011 111 11011 0010 111 0011 1110 11011 0110 111 001010 0001 1000 011001 111 001001 10000 0011 111 001001 011101 111 0011 1110 100 111 100 0010 01101 111 1000000 111 1110 0101 01101 111 001010 0001 10000 0010 01101 111 001011 0101 011101 0110 111 0011 0001 111 0110 1110 0001 001011 111 011001 011101 111 11011 01101 100 0101 0110 0111101 111 101111101 1110 100 111 0001 0011 1110 100 1000 111 001001 11011 101011 111 0011 1110 11011 0010 101011 111 1000000 111 11010 100 0101 1000 0010 100 01101 111 11011 0110 111 1110 0001 001011 111 01101 0001 11011 0010 101011 111 1000 100 0110 100 0101 1000 111001 1110 111 0001 0010 111 0101 111 0110 100 0011 0011 11011 0010 101011 0101 0010 01101 111 001010 11011 0010 01101 11011 0010 101011 111 0101 111 101011 0001 0001 01101 111 0110 100 0011 0011 11011 0010 101011 111 111001 0101 0010 111 1110 100 11010 101010 111 001011 11011 0011 1110 111 0110 1110 0001 1000 0011 111 0110 0011 0001 1000 011101 111 001011 1000 11011 0011 11011 0010 101011 0111101 111 101111101 1110 11011 0110 111 0011 0001 0001 0101001 111 001010 0001 1000 011001 111 11011 0010 111 011001 011101 111 0110 0011 0001 1000 011101 111 001011 11011 0011 1110 111 10001111101 100 11011 0111101001 11011 0010 101011 111 001001 100 11011 0010 101011 111 0011 1110 100 111 0110 100 0011 0011 11011 0010 101011 0111101 111 10001111101 100 11011 0111101001 11011 0010 101011 111 1110 0101 0110 111 0101 11011 1000 111 11011111101 10000 0101 11010 11011 0011 011101 111 11011 0110 0110 10000 100 0110 111 001011 1110 11011 111001 1110 111 1000 100 0110 10000 11010 0011 0110 111 11011 0010 111 101011 1000 0101 011101 111 0110 011001 0001 101011 111 0110 0001 111 1000000 111 001010 100 11010 0011 111 11011 0011 111 001011 0001 10000 11010 01101 111 011001 0101 0101001 100 111 0101 111 101011 0001 0001 01101 111 101010 11010 0101 111001 100 111 001010 0001 1000 111 011001 011101 111 0110 0011 0001 1000 011101 0111101 111 101111101 1110 1000 0001 10000 101011 1110 0001 10000 0011 111 0011 1110 11011 0110 111 001011 1000 11011 0011 11011 0010 101011 111 1000000 111 001010 100 11010 11010 111 0011 1110 0101 0011 111 1000000 111 001011 0101 0110 111 0101 001001 11010 100 111 0011 0001 111 0110 0011 11011 111001 0101001 111 0011 0001 111 0011 1110 100 111 111001 0001 0010 0000000 100 0010 0011 11011 0001 0010 0110 111 0001 001010 111 001011 1000 11011 0011 11011 0010 101011 111 0110 1110 0001 1000 0011 111 0110 0011 0001 1000 11011 100 0110 111 001011 100 11010 11010 0111101 111 100011111101 011101 111 0110 0011 0001 1000 11011 100 0110 111 00001101001 100 0010 101011 0011 1110 111 11011 0110 111 0110 1110 0001 1000 0011 111 0101 0010 01101 111 0011 1110 100 1000 100 111 0101 1000 100 111 0001 0010 11010 011101 111 001011111101 111 111001 1110 0101 1000 0101 111001 0011 100 1000 0110 111 0011 1110 1000 0001 10000 101011 1110 0001 10000 0011 111 0011 1110 100 111 001011 1110 0001 11010 100 111 0011 1110 11011 0010 101011 0111101 111 1000000 111 1110 0001 101010 100 111 0011 1110 0101 0011 111 0011 1110 100 111 1000 100 0101 01101 100 1000 0110 111 0001 001010 111 0011 1110 11011 0110 111 0110 0011 0001 1000 011101 111 100 1001101001 101010 0101 0010 01101 111 0011 1110 100 11011 1000 111 0101001 0010 0001 001011 11010 100 01101 101011 100 111 0001 001010 111 0110 10000 0110 0011 0101 11011 0010 0101 001001 11010 100 111 11010 11011 0000000 11011 0010 101011 111 0101 0010 01101 111 011001 0101 011101 001001 100 111 11010 0001 0001 0101001 11011 0010 101011 111 11011 0010 0011 0001 111 11011 0011 111 011001 0001 1000 100 111 0011 1110 0101 0010 111 0011 1110 100 011101 111 0010 0001 1000 011001 0101 11010 11010 011101 111 001011 0001 10000 11010 01101 0111101 111 1000000 0010 111 0011 1110 100 111 100 0010 01101 1100000 111 1000000 111 001010 100 11010 11010 111 11010 11011 0101001 100 111 1000000 1111111101 0000000 100 111 011001 100 0011 111 011001 011101 111 101011 0001 0101 11010 1100000 111 001001 10000 0011 111 1000000 111 0101001 0010 0001 001011 111 0011 1110 0101 0011 111 1000000 111 111001 0001 10000 11010 01101 111 1110 0101 0000000 100 111 01101 0001 0010 100 111 001001 100 0011 0011 100 1000 0111101 111 101111101 1110 100 111 100 0010 01101 111 0001 001010 111 0011 1110 100 111 0110 0011 0001 1000 011101 111 111001 0001 10000 11010 01101 111 1110 0101 0000000 100 111 001001 100 100 0010 111 11011 011001 101010 1000 0001 0000000 100 01101 111 001001 10000 0011 111 1000000 1111111101 011001 111 0010 0001 0011 111 0000011111101 101011111101 101011111101 1000011111101 111 0110 10000 1000 100 111 1110 0001 001011 0111101 111 1000000 001010 111 1000000 111 1110 0101 01101 111 011001 0001 1000 100 111 0011 11011 011001 100 111 0011 0001 111 001011 0001 1000 0101001 111 0001 0010 111 0011 1110 11011 0110 111 0110 0011 0001 1000 011101 1100000 111 1000000 111 001011 0001 10000 11010 01101 111 1110 0101 0000000 100 111 001010 0001 10000 0010 01101 111 001011 0101 011101 0110 111 0011 0001 111 011001 0101 0101001 100 111 0011 1110 100 111 100 0010 01101 11011 0010 101011 111 011001 0001 1000 100 111 11011 0010 0011 100 1000 100 0110 0011 11011 0010 101011 1100000 111 101010 0001 0011 100 0010 0011 11011 0101 11010 11010 011101 111 001001 100 11011 0010 101011 111 011001 0001 1000 100 111 01101 100 0110 111001 1000 11011 101010 0011 11011 0000000 100 111 0001 001010 111 0011 1110 100 111 100 0010 0000000 11011 1000 0001 0010 011001 100 0010 0011 0111101 111 1000000 0010 111 0011 1110 100 111 100 0010 01101 1100000 111 1000000 111 001010 100 100 11010 111 11010 11011 0101001 100 111 1000000 1111111101 0000000 100 111 11010 100 0101 1000 0010 100 01101 111 0101 111 11010 0001 0011 111 001010 1000 0001 011001 111 0011 1110 11011 0110 111 101010 1000 0001 0111101001 100 111001 0011 111 0101 0010 01101 111 1000000 111 1110 0001 101010 100 111 0011 0001 111 001001 100 111 0101 001001 11010 100 111 0011 0001 111 10000 0110 100 111 001011 1110 0101 0011 111 1000000 111 11010 100 0101 1000 0010 100 01101 111 11011 0010 111 001010 10000 0011 10000 1000 100 111 101010 1000 0001 0111101001 100 111001 0011 0110 0111101