€:  10100010101
™:  00100010101
â:  11000010101

:  10111
 :  00
(:  100101
):  101001
*:  110011011
+:  010011011
,:  1100001
-:  1011011
.:  10101111
/:  10001110
0:  01000010101
1:  0111011
2:  1101111
3:  100011011
8:  111111011
::  11010101
<:  10000010101
=:  000111
>:  1000001110
A:  10010101
B:  1100000101
C:  10011110
D:  0100000101
E:  1000000101
F:  01010101
G:  00000010101
I:  1001111011
L:  000011011
M:  110000101
N:  10110
P:  00011110
Q:  10001111011
R:  1011111011
S:  010000101
T:  111110
W:  00001111011
X:  0000000101
^:  1001110
_:  0011111011
a:  11101
b:  100111
c:  110001
d:  110101
e:  0011
f:  101110
g:  1000101
h:  11001
i:  01011
k:  101111011
l:  001111
m:  000001
n:  00110
o:  1010
p:  010001
q:  0000001110
r:  01101
s:  11111
t:  0010
u:  001001
v:  1011110
w:  00101111
x:  1100010101
y:  0100001
z:  100001110
 0100000101 01011 1011110 01011 110101 0011 00 11101 00110 110101 00 10011110 1010 00110 0000001110 001001 0011 01101 00 10010101 001111 1000101 1010 01101 01011 0010 11001 000001 11111 1011011 00 10010101 001111 00101111 11101 0100001 11111 00 11101 00 1011111011 0011 110001 001001 01101 11111 01011 1011110 0011 00 11101 001111 1000101 1010 01101 01011 0010 11001 000001 10011110 1010 00110 11111 01011 11111 0010 11111 00 1010 101110 00 0010 00101111 1010 00 010001 11001 11101 11111 0011 11111 0111011 10101111 00 0100000101 01011 1011110 01011 110101 0011 00 010001 01101 1010 100111 001111 0011 000001 00 01101 0011 110001 001001 01101 11111 01011 1011110 0011 001111 0100001 00 01011 00110 0010 1010 00 11111 000001 11101 001111 001111 0011 01101 00 11111 001001 100111 010001 01101 1010 100111 001111 0011 000001 11111 10101111 11101 10101111 00 1000000101 0000000101 11010101 00 110000101 0011 01101 1000101 0011 00 11111 1010 01101 0010 00 110101 01011 1011110 01011 110101 0011 11111 00 110101 1010 00101111 00110 00 01011 00110 0010 1010 00 11101 01101 01101 11101 0100001 11111 00 1010 101110 00 11111 01011 100001110 0011 00 0111011 1101111 10101111 00 10011110 1010 000001 100111 01011 00110 0011 00 11101 00110 11111 00101111 0011 01101 11111 00 1010 101110 00 0010 11001 0011 00 11111 001001 100111 010001 01101 1010 100111 001111 0011 000001 11111 10110 0011 1100010101 0010 1100001 00 11101 00110 00 0011 1100010101 11101 000001 010001 001111 0011 10011110 001111 1010 11111 0011 11111 0010 00 00011110 11101 01011 01101 00 1010 101110 00 00011110 1010 01011 00110 0010 11111 1011011 00 00000010101 01011 1011110 0011 00110 00 10110 00 010001 1010 01011 00110 0010 11111 00 1010 00110 00 11101 00 010001 001111 11101 00110 0011 1100001 00 101110 01011 00110 110101 00 0010 11001 0011 00 1101111 00 110001 001111 1010 11111 0011 11111 0010 00 0010 1010 00 0011 11101 110001 11001 00 1010 0010 11001 0011 01101 10101111 1011011 00 10010101 00 010001 1010 0010 0011 00110 0010 01011 11101 001111 00 1100000101 01101 001001 0010 0011 00 01010101 1010 01101 110001 0011 00 11111 1010 001111 001001 0010 01011 1010 00110 00 00101111 1010 001001 001111 110101 00 100111 0011 00 0010 1010 00 101110 01011 00110 110101 00 0010 11001 0011 00 110101 01011 11111 0010 11101 00110 110001 0011 00 101110 1010 01101 00 0011 1011110 0011 01101 0100001 00 010001 11101 01011 01101 00 0010 11001 0011 00110 00 010001 01011 110001 101111011 00 0010 11001 0011 00 11111 11001 1010 01101 0010 0011 11111 0010 10101111 1011011 00 10010101 00 100111 0011 0010 0010 0011 01101 00 11111 1010 001111 001001 0010 01011 1010 00110 00 000001 01011 1000101 11001 0010 00 100111 0011 00 0010 1010 00 110101 01011 1011110 01011 110101 0011 00 01011 00110 00 0010 11001 0011 00 000001 01011 110101 110101 001111 0011 00 01011 00110 0010 00 0010 00101111 1010 00 11111 001001 100111 010001 01101 1010 100111 001111 0011 000001 11111 1100001 00 0011 11101 110001 11001 00 11111 01011 100001110 0011 00 10110 10001110 1101111 1010 00 010000101 1010 001111 1011110 0011 00 0010 11001 0011 00 11111 001001 100111 010001 01101 1010 100111 001111 0011 000001 11111 10101111 1010 00 10011110 001111 1010 11111 0011 11111 0010 00 010001 11101 01011 01101 00 01011 11111 00 0011 01011 0010 11001 0011 01101 00 01011 00110 00 001111 0011 101110 0010 00 11111 001001 100111 1100001 00 01101 01011 1000101 11001 0010 00 11111 001001 100111 00 1010 01101 00 110101 01011 1011110 01011 110101 0011 110101 00 100111 0100001 00 0010 11001 0011 00 000001 01011 110101 110101 001111 0011 00 001111 01011 00110 0011 10101111 1011111011 0011 110001 001001 01101 01101 0011 00110 110001 0011 00 1011111011 0011 001111 11101 0010 01011 1010 00110 11010101 111110 100101 10110 101001 00 000111 00 11101 00 110011011 00 111110 100101 10110 10001110 100111 101001 00 010011011 00 101110 100101 10110 101001 11010101 00 11101 00 000111 00 11111 1010 000001 0011 00 00110 001001 000001 100111 0011 01101 00 1010 101110 00 11111 001001 100111 00 010001 01101 1010 100111 001111 0011 000001 11111 10101111 00 100111 00 000111 00 11111 01011 100001110 0011 00 1010 101110 00 11111 001001 100111 010001 01101 1010 100111 001111 0011 000001 00 01010101 100101 10110 101001 00 01011 11111 00 0010 11001 0011 00 00101111 1010 01101 101111011 00 0100001 1010 001001 00 11001 11101 1011110 0011 00 0010 1010 00 110101 1010 00 0010 1010 00 01101 0011 110001 1010 00110 11111 0010 01101 001001 110001 0010 00 0100001 1010 001001 01101 00 010001 01101 1010 100111 001111 0011 000001 1000000101 0000000101 11010101 00 00001111011 01101 01011 0010 0011 00 0010 11001 01011 11111 00 101110 1010 01101 00 10011110 001111 1010 11111 0011 11111 0010 00 00011110 11101 01011 01101 00 1010 101110 00 00011110 1010 01011 00110 0010 11111 111110 100101 10110 101001 00 000111 00 0011111011 00 110011011 00 111110 100101 10110 10001110 1101111 101001 00 010011011 00 0011111011 00 11010101 00 10110 10001110 1101111 00 100111 0011 110001 11101 001001 11111 0011 00 0011 11101 110001 11001 00 110101 01011 1011110 01011 11111 01011 1010 00110 00 110101 01011 1011110 01011 110101 0011 11111 00 0010 11001 0011 00 00011110 1010 01011 00110 0010 11111 00 100111 0100001 00 1101111 111110 100101 10110 101001 00 000111 00 1101111 00 110011011 00 111110 100101 10110 10001110 1101111 101001 00 010011011 00 0011111011 00 11010101 00 11101 00 000111 00 1101111 00 100111 0011 110001 11101 001001 11111 0011 00 0011 11101 110001 11001 00 11111 010001 001111 01011 0010 00 110001 01101 0011 11101 0010 0011 11111 00 1101111 00 11111 001001 100111 00 010001 01101 1010 100111 001111 0011 000001 11111 111110 100101 10110 101001 00 000111 00 1101111 00 110011011 00 111110 100101 10110 10001110 1101111 101001 00 010011011 00 111111011 10110 11010101 00 01010101 100101 10110 101001 00 000111 00 111111011 10110 00 100111 0011 110001 11101 001001 11111 0011 00 0010 11001 0011 01101 0011 00 11101 01101 0011 00 111111011 00 110001 11001 0011 110001 101111011 11111 00 010001 0011 01101 00 010001 1010 01011 00110 0010 00 00101111 11001 0011 00110 00 01101 0011 110001 1010 00110 11111 0010 01101 001001 110001 0010 01011 00110 1000101 00 0010 11001 0011 00 11111 0011 0010 01010101 01011 00110 11101 001111 11010101 00 111110 100101 10110 101001 00 000111 00 1101111 00 110011011 00 111110 100101 10110 10001110 1101111 101001 00 010011011 00 111111011 10110 111110 11001 0011 00 110000101 11101 11111 0010 0011 01101 00 111110 11001 0011 1010 01101 0011 000001 1001111011 101110 00 01010101 100101 10110 101001 00 000111 00 10110 00 1001110 00 110101 1100001 00 0010 11001 0011 00110 11010101 00 1010 00110 0011 00 1010 101110 00 0010 11001 0011 00 101110 1010 001111 001111 1010 00101111 01011 00110 1000101 00 0010 11001 01101 0011 0011 00 110001 11101 11111 0011 11111 00 11001 1010 001111 110101 11111 00 111110 100101 10110 101001 00 000111 0111011 10101111 00 111110 11001 0011 0010 11101 100101 10110 1001110 110101 101001 00 1001111011 101110 00 11101 00 10000010101 00 100111 1001110 110101 1101111 10101111 00 111110 11001 0011 0010 11101 100101 10110 1001110 110101 000011011 1010 1000101 10110 101001 00 01011 101110 00 11101 00 000111 00 100111 1001110 110101 100011011 10101111 00 111110 11001 0011 0010 11101 100101 10110 1001110 001111 1010 1000101 00 100111 11101 11111 0011 00 100111 00 1010 101110 00 11101 101001 00 1001111011 101110 00 11101 00 1000001110 00 100111 1001110 110101 10010101 010001 010001 001111 0100001 01011 00110 1000101 00 0010 11001 01011 11111 00 0010 1010 00 1010 001001 01101 00 01101 0011 001111 11101 0010 01011 1010 00110 00 101110 1010 01101 00 10011110 001111 1010 11111 0011 11111 0010 00 00011110 11101 01011 01101 00 1010 101110 00 00011110 1010 01011 00110 0010 11111 00 00101111 11001 0011 01101 0011 11010101 1011011 00 11101 00 000111 00 1101111 1011011 00 100111 00 000111 00 1101111 1011011 00 11101 00110 110101 00 110101 00 000111 00 0111011 00 100101 100111 0011 110001 11101 001001 11111 0011 00 111111011 10110 00 000111 00 111111011 10110 1001110 0111011 101001 11101 00 000111 00 1101111 1001110 0111011 00 0010 11001 0011 01101 0011 101110 1010 01101 0011 00 111110 100101 10110 101001 00 000111 00 10110 000011011 1010 1000101 100101 10110 101001 10010101 010001 010001 001111 0100001 00 0010 11001 01011 11111 00 0010 1010 00 1100000101 01011 00110 11101 01101 0100001 00 010000101 0011 11101 01101 110001 11001 1011011 00 11101 00 000111 00 0111011 1100001 00 100111 00 000111 00 1101111 1100001 00 01010101 100101 10110 101001 00 000111 00 0111011 1011011 00 111110 11001 01011 11111 00 000001 0011 11101 00110 11111 00 0010 11001 11101 0010 00 110101 00 000111 00 01000010101 1011011 00 0111011 00 000111 00 0111011 00 00101111 11001 01011 110001 11001 00 000001 0011 11101 00110 11111 00 111110 100101 10110 101001 00 000111 00 111110 11001 0011 0010 11101 00 100101 10110 001111 1010 1000101 10110 101001 10010101 010001 010001 001111 0100001 00 0010 11001 01011 11111 00 0010 1010 00 110000101 0011 01101 1000101 0011 00 010000101 1010 01101 0010 1011011 00 11101 00 000111 00 1101111 1100001 00 100111 00 000111 00 1101111 1100001 00 01010101 100101 10110 101001 00 000111 00 10110 1011011 00 111110 11001 01011 11111 00 000001 0011 11101 00110 11111 00 0010 11001 11101 0010 00 110101 00 000111 00 0111011 00 100111 0011 110001 11101 001001 11111 0011 00 10110 00 000111 00 10110 00 1001110 00 0111011 1011011 00 1101111 00 000111 00 1101111 1001110 0111011 00 0010 11001 0011 01101 0011 101110 1010 01101 0011 00 111110 100101 10110 101001 00 000111 00 111110 11001 0011 0010 11101 00 100101 10110 000011011 1010 1000101 100101 10110 101001 101001 10010101 010001 010001 001111 0100001 00 0010 11001 01011 11111 00 0010 1010 00 10001111011 001001 01011 110001 101111011 00 010000101 1010 01101 0010 1011011 00 11101 00 000111 00 1101111 1100001 00 100111 00 000111 00 0111011 1100001 00 01010101 100101 10110 101001 00 000111 00 10110 1011011 00 0010 11001 01011 11111 00 000001 0011 11101 00110 11111 00 0010 11001 11101 0010 00 110101 00 000111 00 0111011 00 100111 0011 110001 11101 001001 11111 0011 00 10110 00 000111 00 10110 1001110 0111011 1011011 00 1101111 00 1000001110 00 0111011 1001110 0111011 1100001 00 0010 11001 0011 01101 0011 101110 1010 01101 0011 00 111110 100101 10110 101001 00 000111 00 111110 11001 0011 0010 11101 00 100101 10110 1001110 000011011 1010 1000101 00 100111 11101 11111 0011 00 0111011 00 1010 101110 00 1101111 1010 00 111110 11001 01011 11111 00 01011 11111 00 11101 00 00101111 0011 11101 101111011 00110 0011 11111 11111 00 1010 101110 00 0010 11001 0011 00 000001 11101 11111 0010 0011 01101 00 0010 11001 0011 1010 01101 0011 000001 00 11101 11111 00 01011 0010 00 110001 11101 00110 11000010101 10100010101 00100010101 0010 00 100111 0011 00 001001 11111 0011 110101 00 0010 1010 00 11111 1010 001111 1011110 0011 00 11111 1010 000001 0011 00 010001 01101 1010 100111 001111 0011 000001 11111 1100001 00 00110 11101 000001 0011 001111 0100001 00 110001 0011 01101 0010 11101 01011 00110 00 1010 00110 0011 11111 00 00101111 01011 0010 11001 00 100111 000111 0111011 10010101 010001 010001 001111 0100001 00 0010 11001 01011 11111 00 0010 1010 00 111110 01101 01011 1011011 110000101 0011 01101 1000101 0011 00 11111 1010 01101 0010 10101111 1011011 00 11101 000111 100011011 1100001 00 100111 00 000111 00 100011011 1100001 00 01010101 100101 10110 101001 00 000111 00 10110 1011011 00 110101 00 000111 00 0111011 1011011 00 100011011 00 000111 00 100011011 00 0010 11001 0011 01101 0011 101110 1010 01101 0011 00 111110 100101 10110 101001 00 000111 00 111110 11001 0011 0010 11101 00 100101 10110 000011011 1010 1000101 10110 101001